4001	5001
4002	5002
4003	5003
4004	5004
4005	5005
4006	5006
4007	5007
4008	5008
4009	5009
4010	5010
4011	5011
4012	5012
4013	5013
4014	5014
4015	5015
4016	5016
4017	5017
4018	5018
4019	5019
4020	5020
4021	5021
4022	5022
4023	5023
4024	5024
4025	5025
4026	5026
4027	5027
4028	5028
4029	5029
4030	5030
4031	5031
4032	5032
4033	5033
4034	5034
4035	5035
4036	5036
4037	5037
4038	5038
4039	5039
4040	5040
4041	5041
4042	5042
4043	5043
4044	5044
4045	5045
4046	5046
4047	5047
4048	5048
4049	5049
4050	5050
4051	5051
4052	5052
4053	5053
4054	5054
4055	5055
4056	5056
4057	5057
4058	5058
4059	5059
4060	5060
4061	5061
4062	5062
4063	5063
4064	5064
4065	5065
4066	5066
4067	5067
4068	5068
4069	5069
4070	5070
4071	5071
4072	5072
4073	5073
4074	5074
4075	5075
4076	5076
4077	5077
4078	5078
4079	5079
4080	5080
4081	5081
4082	5082
4083	5083
4084	5084
4085	5085
4086	5086
4087	5087
4088	5088
4089	5089
4090	5090
4091	5091
4092	5092
4093	5093
4094	5094
4095	5095
4096	5096
4097	5097
4098	5098
4099	5099
4100	5100
4101	5101
4102	5102
4103	5103
4104	5104
4105	5105
4106	5106
4107	5107
4108	5108
4109	5109
4110	5110
4111	5111
4112	5112
4113	5113
4114	5114
4115	5115
4116	5116
4117	5117
4118	5118
4119	5119
4120	5120
4121	5121
4122	5122
4123	5123
4124	5124
4125	5125
4126	5126
4127	5127
4128	5128
4129	5129
4130	5130
4131	5131
4132	5132
4133	5133
4134	5134
4135	5135
4136	5136
4137	5137
4138	5138
4139	5139
4140	5140
4141	5141
4142	5142
4143	5143
4144	5144
4145	5145
4146	5146
4147	5147
4148	5148
4149	5149
4150	5150
4151	5151
4152	5152
4153	5153
4154	5154
4155	5155
4156	5156
4157	5157
4158	5158
4159	5159
4160	5160
4161	5161
4162	5162
4163	5163
4164	5164
4165	5165
4166	5166
4167	5167
4168	5168
4169	5169
4170	5170
4171	5171
4172	5172
4173	5173
4174	5174
4175	5175
4176	5176
4177	5177
4178	5178
4179	5179
4180	5180
4181	5181
4182	5182
4183	5183
4184	5184
4185	5185
4186	5186
4187	5187
4188	5188
4189	5189
4190	5190
4191	5191
4192	5192
4193	5193
4194	5194
4195	5195
4196	5196
4197	5197
4198	5198
4199	5199
4200	5200
4201	5201
4202	5202
4203	5203
4204	5204
4205	5205
4206	5206
4207	5207
4208	5208
4209	5209
4210	5210
4211	5211
4212	5212
4213	5213
4214	5214
4215	5215
4216	5216
4217	5217
4218	5218
4219	5219
4220	5220
4221	5221
4222	5222
4223	5223
4224	5224
4225	5225
4226	5226
4227	5227
4228	5228
4229	5229
4230	5230
4231	5231
4232	5232
4233	5233
4234	5234
4235	5235
4236	5236
4237	5237
4238	5238
4239	5239
4240	5240
4241	5241
4242	5242
4243	5243
4244	5244
4245	5245
4246	5246
4247	5247
4248	5248
4249	5249
4250	5250
4251	5251
4252	5252
4253	5253
4254	5254
4255	5255
4256	5256
4257	5257
4258	5258
4259	5259
4260	5260
4261	5261
4262	5262
4263	5263
4264	5264
4265	5265
4266	5266
4267	5267
4268	5268
4269	5269