0
0.4
0.5
1.2
2.5
4
6
8
10
12
13.5
14
16
18
20
22
23.5
24
26
28
30
32
33.5
34
36
38
40
42
43.5
44
46
48
50
52
54
56
56.5
58
60
62
64
66
66.5
68
70
72
74
76
76.5
78
80
82
84
86
86.5
88
90
92
94
96
96.5
98
100
102
104
106
106.5
108
109.5
110.5
112
113.5
114
116
118
120
122
123.5
124
126
128
130
132
133.5
134
136
138
140
142
143.5
144
146
148
150
152
153.5
154
156
158
160
162
163.5
164
166
168
170
172
174
176
176.5
178
180
182
184
186
186.5
188
190
192
194
196
196.5
198
200
202
204
206
206.5
208
210
212
214
216
216.5
218
219.5
220.5
222
223.5
224
226
228
230
232
233.5
234
236
238
240
242
243.5
244
246
248
250
252
253.5
254
256
258
260
262
263.5
264
266
268
270
272
273.5
274
276
278
280
282
284
286
286.5
288
290
292
294
296
296.5
298
300
302
304
306
306.5
308
310
312
314
316
316.5
318
320
322
324
326
326.5
328
329.5
330.5
332
333.5
334
336
338
340
342
343.5
344
346
348
350
352
353.5
354
356
358
360
362
363.5
364
366
368
370
372
373.5
374
376
378
380
382
383.5
384
386
388
390
392
394
396
396.5
398
400
402
404
406
406.5
408
410
412
414
416
416.5
418
420
422
424
426
426.5
428
430
432
434
436
436.5
438
439.5
440.5
442
443.5
444
446
448
450
452
453.5
454
456
458
460
462
463.5
464
466
468
470
472
473.5
474
476
478
480
482
483.5
484
486
488
490
492
493.5
494
496
498
500
502
504
506
506.5
508
510
512
514
516
516.5
518
520
522
524
526
526.5
528
530
532
534
536
536.5
538
540
542
544
546
546.5
548
549.5
550.5
552
553.5
554
556
558
560
562
563.5
564
566
568
570
572
573.5
574
576
578
580
582
583.5
584
586
588
590
592
593.5
594
596
598
600
602
603.5
604
606
608
610
612
614
616
616.5
618
620
622
624
626
626.5
628
630
632
634
636
636.5
638
640
642
644
646
646.5
648
650
652
654
656
657.5
658.8
659.5
659.6
660
